365 
47 
490 
1404 
1113 
1585 
1704 
281 
831 
1659 
2051 
2135 
2184 
80 
1020 
432 
136 
1867 
1677 
1479 
10444 
12959 
178 
408 
14933 
418 
2080 
2399 
2879 
808 
1987 
2329 
345 
793 
856 
2168 
52 
798 
1714 
426 
2284 
53 
1355 
571 
398 
94 
855 
910 
4883 
261 
790 
38 790 
1693 
297 
623 
2118 
704 
208 
56 
38 56 
12946 
1417 
30 
961 
62 
913 
916 
155 
2 
1043 
1239 
2383 
878 
2437 
1872 
581 
885 
267 
374 
1067 
4336 
1715 
947 
846 
150 
2199 
1144 
420 
1783 
675 
425 
8978 
441 
209 
1986 
15618 
10446 
251 
2046 
809 
865 
279 
340 
789 
39 789 
272 
39 272 
3616 
105 
38 105 
38 39 105 
39 105 
186 
1198 
1135 
48 1135 
39 1135 
16011 
16010 16011 
396 
379 
259 
1814 
48 1814 
39 1814 
449 
260 
407 
464 
269 
39 269 
55 
38 55 
39 55 
681 
11 
11 48 
11 39 
10 
10 39 
535 
488 
806 
39 806 
12929 
39 12929 
664 
39 664 
772 
48 772 
1344 
39 1344 
23 
23 39 
107 
48 107 
1435 
39 1435 
334 
48 334 
39 334 
371 
38 371 
38 39 371 
39 371 
570 
48 570 
39 570 
766 
48 766 
39 766 
1600 
48 1600 
39 1600 
703 
48 703 
39 703 
103 
39 103 
976 
48 976 
39 976 
229 
48 229 
39 229 
812 
48 812 
39 812 
156 
48 156 
39 156 
389 
39 389 
549 
48 549 
39 549 
544 
48 544 
39 544 
649 
48 649 
39 649 
18 
18 48 
18 39 
76 
48 76 
39 76 
1578 
48 1578 
39 1578 
405 
48 405 
39 405 
10515 
48 10515 
39 10515 
264 
48 264 
39 264 
2958 
48 2958 
39 48 2958 
39 2958 
45 
45 48 
39 45 
242 
39 242 
956 
48 956 
39 956 
31 
31 48 
31 39 
479 
48 479 
39 479 
3270 
48 3270 
39 3270 
783 
48 783 
39 783 
175 
48 175 
39 175 
522 
48 522 
39 522 
258 
48 258 
39 48 258 
39 258 
179 
48 179 
39 48 179 
39 179 
19 
19 48 
19 39 
161 
48 161 
39 161 
117 
48 117 
39 117 
13041 
48 13041 
39 48 13041 
39 13041 
78 
48 78 
39 48 78 
39 78 
37 
37 38 
37 38 48 
37 38 39 
37 48 
37 39 
1004 
48 1004 
39 1004 
677 
48 677 
39 48 677 
39 677 
589 
48 589 
39 48 589 
39 589 
49 
48 49 
39 48 49 
39 49 
201 
48 201 
39 48 201 
39 201 
548 
48 548 
39 48 548 
39 548 
15832 
48 15832 
39 15832 
249 
48 249 
39 48 249 
39 249 
1393 
48 1393 
39 48 1393 
39 1393 
16217 
48 16217 
39 48 16217 
39 16217 
740 
48 740 
39 740 
286 
38 286 
38 48 286 
38 39 48 286 
38 39 286 
48 286 
39 48 286 
39 286 
301 
48 301 
39 48 301 
39 301 
604 
48 604 
39 48 604 
39 604 
824 
48 824 
39 48 824 
39 824 
592 
48 592 
39 48 592 
39 592 
338 
48 338 
39 48 338 
39 338 
14098 
48 14098 
39 48 14098 
39 14098 
123 
48 123 
39 48 123 
39 123 
16010 
41 16010 
48 16010 
39 48 16010 
39 16010 
9 
9 48 
9 39 48 
9 39 
185 
48 185 
39 48 185 
39 185 
1146 
41 1146 
48 1146 
39 48 1146 
39 1146 
12925 
48 12925 
39 48 12925 
39 12925 
255 
48 255 
39 48 255 
39 255 
533 
48 533 
39 48 533 
39 533 
60 
48 60 
39 48 60 
39 60 
79 
41 79 
48 79 
39 48 79 
39 79 
2238 
41 2238 
39 41 2238 
48 2238 
39 48 2238 
39 2238 
270 
270 271 
39 270 271 
41 270 
48 270 
39 48 270 
39 270 
147 
48 147 
39 48 147 
39 147 
1327 
41 1327 
48 1327 
39 48 1327 
39 1327 
438 
48 438 
39 48 438 
39 438 
413 
48 413 
39 48 413 
39 413 
271 
41 271 
39 41 271 
32 271 
48 271 
39 48 271 
39 271 
475 
41 475 
39 41 475 
32 475 
48 475 
39 48 475 
39 475 
101 
41 101 
48 101 
39 48 101 
39 101 
310 
41 310 
41 48 310 
39 41 48 310 
39 41 310 
32 310 
48 310 
39 48 310 
39 310 
110 
41 110 
38 41 110 
38 39 41 110 
39 41 110 
32 110 
32 38 110 
38 110 
38 48 110 
38 39 48 110 
38 39 110 
48 110 
39 48 110 
39 110 
36 
36 41 
36 38 41 
36 38 39 41 
36 39 41 
32 36 
32 36 38 
36 38 
36 38 48 
36 38 39 48 
36 38 39 
36 48 
36 39 48 
36 39 
237 
41 237 
39 41 237 
32 237 
38 237 
38 39 237 
48 237 
39 48 237 
39 237 
170 
41 170 
38 41 170 
38 41 48 170 
38 39 41 170 
41 48 170 
39 41 170 
32 170 
32 38 170 
38 170 
38 48 170 
38 39 48 170 
38 39 170 
48 170 
39 48 170 
39 170 
225 
41 225 
41 48 225 
39 41 48 225 
39 41 225 
32 225 
32 39 225 
38 225 
38 39 225 
48 225 
39 48 225 
39 225 
89 
41 89 
41 48 89 
39 41 48 89 
39 41 89 
32 89 
32 48 89 
32 39 48 89 
32 39 89 
38 89 
38 48 89 
38 39 48 89 
38 39 89 
48 89 
39 48 89 
39 89 
65 
41 65 
41 48 65 
39 41 48 65 
39 41 65 
32 65 
32 48 65 
32 39 65 
38 65 
38 39 65 
48 65 
39 48 65 
39 65 
41 
32 41 
32 38 41 
32 38 41 48 
32 38 39 41 48 
32 38 39 41 
32 41 48 
32 39 41 48 
32 39 41 
38 41 
38 41 48 
38 39 41 48 
38 39 41 
41 48 
39 41 48 
39 41 
32 
32 38 
32 38 48 
32 38 39 48 
32 38 39 
32 48 
32 39 48 
32 39 
38 
38 48 
38 39 48 
38 39 
48 
39 48 
39 
