10515 
264 
2958 
45 
242 
956 
31 
479 
3270 
783 
175 
522 
258 
179 
19 
161 
117 
13041 
78 
37 
37 38 
1004 
677 
589 
49 
201 
548 
15832 
249 
1393 
16217 
740 
286 
38 286 
301 
604 
824 
592 
338 
14098 
123 
16010 
9 
185 
1146 
39 1146 
12925 
39 12925 
255 
48 255 
39 255 
533 
39 533 
60 
39 60 
79 
48 79 
39 79 
2238 
48 2238 
39 2238 
270 
48 270 
39 270 
147 
48 147 
39 147 
1327 
48 1327 
39 1327 
438 
48 438 
39 438 
413 
48 413 
39 413 
271 
48 271 
39 271 
475 
48 475 
39 48 475 
39 475 
101 
48 101 
39 48 101 
39 101 
310 
48 310 
39 48 310 
39 310 
110 
38 110 
38 48 110 
38 39 48 110 
38 39 110 
48 110 
39 48 110 
39 110 
36 
36 38 
36 38 48 
36 38 39 48 
36 38 39 
36 48 
36 39 48 
36 39 
237 
48 237 
39 48 237 
39 237 
170 
38 170 
38 48 170 
38 39 48 170 
38 39 170 
48 170 
39 48 170 
39 170 
225 
48 225 
39 48 225 
39 225 
89 
48 89 
39 48 89 
39 89 
65 
41 65 
48 65 
39 48 65 
39 65 
41 
32 41 
32 41 48 
32 39 41 48 
32 39 41 
38 41 
38 41 48 
38 39 41 48 
38 39 41 
41 48 
39 41 48 
39 41 
32 
32 38 
32 38 48 
32 38 39 48 
32 38 39 
32 48 
32 39 48 
32 39 
38 
38 48 
38 39 48 
38 39 
48 
39 48 
39 
